4x4
B 0 G 0 0 F 0 0 0 0 A 0 0 3 0 0
0 6 0 8 0 9 C A 0 0 B 0 G E D 0
9 0 D 0 7 0 4 0 3 0 0 0 0 F B 8
0 4 0 5 0 D 0 B 0 0 0 0 7 0 A 0
0 0 1 0 F C 0 E 6 0 4 0 0 0 0 0
F B 0 C 1 0 0 4 E 0 D 3 0 0 8 A
0 8 7 0 0 0 0 0 0 A 0 0 0 0 0 0
0 E 0 G A 5 0 6 7 0 9 1 0 4 0 0
0 0 B 0 9 7 0 G 4 0 C 6 2 0 1 0
0 0 0 0 0 0 5 0 0 0 0 0 0 A G 0
6 9 0 0 D 2 0 C 8 0 0 B 4 0 F 3
0 0 0 0 0 6 0 1 F 0 5 A 0 D 0 0
0 A 0 B 0 0 0 0 G 0 3 0 8 0 2 0
G F C 0 0 0 0 7 0 B 0 5 0 9 0 1
0 1 4 D 0 B 0 0 A 2 7 0 F 0 E 0
0 0 9 0 0 A 0 0 0 0 E 0 0 G 0 C